0,477
0,483
0,589
13,2
0,602
14,8
0,1
13,0
2093,5
2093,2
2093,0
2082,0
2083,2
2083,0
2083,3
2094,2
2094,0
2123,4
2123,2
2123,0
0,563
2114,0
2097,0
2096,0
2120,2
2120,0
2111,0
2106,0
2108,2
2108,0
2108,3
2110,0
2112,2
2112,0
2109,2
2109,0
0,548
0,546
0,486
0,545
0,539
0,538
2101,0
0,537
2113,2
2113,0
2113,3
0,408
0,536
2115,2
2115,0
2099,0
0,535
2126,5
2126,4
2126,2
2126,0
2126,3
0,422
2098,0
0,533
0,485
0,532
2080,0
0,420
0,516
0,515
0,514
2105,2
2105,0
2104,2
2104,0
2116,2
2116,0
2121,4
2121,2
2121,0
2121,3
2122,4
2122,2
2122,0
0,512
2091,2
2091,0
0,447
0,443
0,442
2088,2
2088,0
2087,2
2087,0
2089,2
2089,0
2090,4
2090,2
2090,0
2092,2
2092,0
0,484
2117,4
2117,2
2117,0
2117,3
2124,4
2124,2
2124,0
2086,2
2086,0
2086,3
14,118
0,433
0,432
0,431
0,430
0,429
0,427
0,426
0,425
14,83
0,407
0,423
0,469
0,418
0,482
0,417
2118,0
2119,0
0,415
2084,0
0,524
0,479
0,478
0,467
0,404
0,414
0,412
2155,2
2155,0
2155,3
2154,2
2154,0
2154,3
2153,2
2153,0
2153,3
2152,5
2152,4
2152,2
2152,0
2152,3
2151,7
2151,6
2151,5
2151,4
2151,2
2151,0
2151,3
2150,5
2150,4
2150,2
2150,0
2150,3
2127,5
2127,4
2127,2
2127,0
2127,3
14,122
2149,5
2149,4
2149,2
2149,0
2149,3
2148,2
2148,0
2148,3
2147,4
2147,2
2147,0
2147,3
14,123
2146,6
2146,5
2146,4
2146,2
2146,0
2146,3
2145,5
2145,4
2145,2
2145,0
2145,3
2144,5
2144,4
2144,2
2144,0
2144,3
2143,6
2143,5
2143,4
2143,2
2143,0
2143,3
2141,2
2141,0
2141,3
2140,4
2140,2
2140,0
2140,3
0,396
0,481
2142,5
2142,4
2142,2
2142,0
2142,3
2139,2
2139,0
2139,3
2138,2
2138,0
2138,3
0,392
0,526
2125,0
2137,2
2137,0
2137,3
2136,2
2136,0
2136,3
2135,2
2135,0
2135,3
2134,2
2134,0
2134,3
0,510
2133,2
2133,0
2133,3
2132,4
2132,2
2132,0
2132,3
2131,2
2131,0
2131,3
2130,4
2130,2
2130,0
2130,3
2129,2
2129,0
2129,3
0,278
0,528
0,530
0,529
0,531
0,9
0,480
0,487
2128,7
2128,6
2128,5
2128,4
2128,2
2128,0
2128,3
0,468
0,12
0,470
0,406
0,395
0,419
14,112
0,509
148,3
0,551
2100,7
2100,1
2100,6
2100,0
2107,10
0,508
0,507
0,506
2102,6
2102,1
2102,5
2102,0
2085,8
0,505
0,504
0,503
2095,6
2095,1
2095,5
2095,0
0,502
2081,10
2081,1
2081,9
2081,2
2081,0
0,501
0,500
2103,12
2107,9
0,499
0,498
0,497
0,496
0,495
2116,3
2116,4
0,493
0,492
0,490
0,489
2234,10
2119,2
2115,4
2115,3
2115,5
0,488
0,476
2107,8
2085,7
2085,1
2085,6
2085,0
0,475
0,474
0,473
0,472
0,471
2103,11
0,466
0,465
0,464
0,463
0,461
2107,7
0,460
2234,9
0,458
0,457
0,456
2103,10
2103,1
2103,9
2103,0
0,455
0,454
0,453
0,452
2234,8
2234,7
0,450
2107,6
2124,3
0,449
0,448
0,313
0,312
0,308
0,307
2107,5
2107,1
2107,4
2107,0
2112,3
2114,2
0,306
14,120
14,121
2125,2
0,410
0,304
0,302
2105,3
2109,3
2106,2
0,610
0,279
0,566
0,378
0,375
14,90
2099,2
14,89
2098,2
0,334
2096,2
14,119
0,324
14,124
2084,2
2080,2
0,571
0,599
0,598
0,597
0,561
2103,2
0,559
0,411
0,639
2125,3
0,441
2099,3
0,594
2118,2
2096,5
2096,4
2096,3
0,638
2084,3
2081,7
2081,6
2081,5
0,593
0,637
0,549
0,513
2104,3
0,592
0,494
2088,3
0,586
0,595
0,617
0,582
0,268
0,266
0,264
0,263
0,262
0,252
0,568
0,250
0,249
0,244
0,242
0,241
0,240
0,238
0,232
0,231
0,226
0,552
0,223
0,221
0,564
0,580
0,207
0,206
0,547
0,572
0,440
22,34
22,33
22,32
22,31
22,30
22,29
22,28
22,27
22,26
22,25
22,24
22,23
22,22
22,21
22,20
22,19
22,18
22,17
22,16
22,15
22,14
22,13
22,12
22,11
22,10
22,9
22,8
22,7
22,6
22,5
22,4
22,3
0,230
0,567
14,95
0,225
2103,8
2103,7
2103,6
2103,5
2103,4
2103,3
0,581
0,222
0,416
0,220
0,444
0,216
0,517
0,636
2111,2
0,534
0,205
0,459
0,635
0,198
0,576
0,590
0,634
0,194
0,193
0,574
2097,2
0,588
0,52
0,577
0,633
0,556
2110,2
0,608
0,631
14,127
2119,5
2119,3
2118,7
2118,6
2118,4
2118,3
14,86
0,62
0,622
0,61
0,579
0,565
0,630
0,51
0,562
0,554
2091,4
0,46
0,618
0,45
0,555
0,435
0,553
0,629
0,6
2085,2
0,267
0,570
0,265
0,550
0,261
0,428
2088,5
0,260
0,543
0,259
0,542
0,258
0,569
0,560
0,254
0,256
0,584
0,585
2107,2
0,596
0,253
0,583
0,248
0,541
0,247
0,409
22,36
2091,3
2090,3
0,239
0,246
0,446
0,245
0,445
2082,4
2082,2
2082,3
2097,5
2093,4
0,518
14,117
2098,3
2093,3
2097,4
2097,3
2094,3
0,227
0,237
0,615
0,236
0,437
2101,7
2101,6
2101,5
2101,4
2101,2
2101,3
0,235
0,616
0,234
0,544
2100,5
2100,4
2100,2
2100,3
2092,3
2087,4
14,88
14,116
0,229
0,434
0,628
0,228
2102,2
0,558
2120,3
2123,3
2121,5
2122,3
2120,5
2120,4
2119,4
2118,5
14,126
14,125
2111,3
2081,8
2114,3
2080,3
2088,4
2089,3
2089,4
2087,3
2081,4
2080,4
0,215
2107,3
2106,3
2102,4
2102,3
14,115
0,217
0,521
2095,4
2095,2
2095,3
2085,5
2085,4
2085,3
2081,3
2110,3
14,114
0,591
0,214
0,413
0,627
0,213
0,212
0,439
0,436
0,210
0,211
0,424
0,209
0,208
0,557
0,60
0,626
0,204
0,203
0,609
14,92
0,625
0,197
0,604
14,93
0,59
0,578
0,624
0,55
0,623
0,50
0,49
0,619
0,612
0,540
0,607
0,325
0,269
0,290
0,257
0,255
0,251
14,84
0,233
0,613
0,224
0,219
0,310
0,218
0,611
22,35
22,2
22,0
14,91
14,96
14,94
14,113
0,200
0,199
247,3
0,196
0,195
0,573
84,3
0,192
0,621
0,63
0,603
60,3
128,13
2093,13
128,12
2093,12
128,11
2093,11
128,10
2093,10
128,15
128,14
2093,9
128,8
2093,8
2093,7
2093,6
128,7
128,6
128,3
0,56
2092,69
46,68
2092,68
46,67
2092,46
2092,67
46,66
46,69
2092,66
46,65
2092,65
46,64
2092,64
46,44
2092,45
2092,31
2092,44
46,42
2092,43
2092,42
2092,29
46,41
2092,41
46,40
2092,40
46,39
2092,39
2092,38
46,37
2092,37
46,36
2092,36
46,35
2092,35
46,34
2092,34
0,298
0,243
46,33
2092,33
46,32
2092,32
2092,20
46,30
2092,30
46,27
2092,28
2092,5
2092,27
46,26
2092,26
46,24
2092,25
46,23
2092,24
46,22
2092,23
46,21
2092,22
46,20
2092,21
2092,19
2092,4
46,17
2092,18
46,16
2092,17
46,15
2092,16
46,14
2092,15
46,13
2092,14
46,12
2092,13
46,11
2092,12
46,10
2092,11
46,9
2092,10
46,8
2092,9
46,7
2092,8
0,58
2092,7
2092,6
46,6
0,57
0,587
46,5
46,3
142,21
2091,16
142,20
2091,15
142,17
2091,14
142,16
2091,13
142,19
2091,12
142,18
142,15
2091,11
142,14
142,13
2091,10
142,12
2091,9
142,8
2091,8
142,9
142,7
2091,7
0,54
0,601
2091,6
0,53
2091,5
0,620
142,6
142,5
142,3
14,87
146,3
0,48
0,600
0,47
237,4
0,202
0,201
0,606
0,575
273,3
2333,3
2333,2
2333,1
2333,0
14,101
14,100
0,438
2332,4
2332,3
2332,2
2332,1
2332,0
2331,4
2331,3
2331,2
2331,1
2331,0
2330,5
2330,4
2330,3
2330,2
2330,1
2330,0
2329,6
2329,5
2329,4
2329,3
2329,2
2329,1
2329,0
2328,3
2328,2
2328,1
2328,0
2327,3
2327,2
2327,1
2327,0
13,9
2326,6
2326,5
2326,4
2326,3
2326,2
0,605
0,491
2326,1
2326,0
2325,4
2325,3
2325,2
2325,1
2325,0
2324,5
2324,4
2324,3
2324,2
2324,1
2324,0
2323,4
2323,3
2323,2
2323,1
2323,0
14,99
2322,6
2322,5
2322,4
2322,3
2322,2
2322,1
2322,0
14,98
2321,4
2321,3
2321,2
2321,1
2321,0
2320,4
2320,3
2320,2
2320,1
2320,0
2319,3
2319,2
2319,1
2319,0
2318,3
2318,2
2318,1
2318,0
2317,3
2317,2
2317,1
2317,0
2316,4
2316,3
2316,2
2316,1
2316,0
2315,5
2315,4
2315,3
2315,2
2315,1
2315,0
2314,3
2314,2
2314,1
2314,0
2313,3
2313,2
2313,1
2313,0
2312,5
2312,4
2312,3
2312,2
2312,1
2312,0
2311,5
2311,4
2311,3
2311,2
2311,1
2311,0
2310,3
2310,2
2310,1
2310,0
14,97
2309,6
2309,5
2309,4
2309,3
2309,2
2309,1
2309,0
2308,3
2308,2
2308,1
2308,0
2307,3
2307,2
2307,1
2307,0
2306,3
2306,2
2306,1
2306,0
2305,5
2305,4
2305,3
2305,2
2305,1
2305,0
2304,5
2304,4
2304,3
2304,2
2304,1
2304,0
0,5
2303,3
2303,2
2303,1
2303,0
2302,4
2302,3
2302,2
2302,1
2302,0
2301,7
2301,6
2301,5
2301,4
2301,3
2301,2
2301,1
2301,0
2300,5
2300,4
2300,3
2300,2
2300,1
2300,0
2299,6
2299,5
2299,4
2299,3
2299,2
2299,1
2299,0
2298,5
2298,4
2298,3
2298,2
2298,1
2298,0
2297,4
2297,3
2297,2
2297,1
2297,0
2296,3
2296,2
2296,1
2296,0
2295,5
2295,4
2295,3
2295,2
2295,1
2295,0
2294,3
2294,2
2294,1
2294,0
2293,4
2293,3
2293,2
0,311
2293,1
2293,0
2292,3
2292,2
0,309
2292,1
2292,0
0,305
2291,4
2291,3
2291,2
0,303
2291,1
2291,0
0,301
0,300
2290,5
2290,4
2290,3
2290,2
0,299
2290,1
2290,0
0,297
2289,4
2289,3
2289,2
0,296
2289,1
2289,0
0,295
0,294
2288,3
2288,2
0,293
2288,1
2288,0
0,292
0,291
2287,3
2287,2
2287,1
2287,0
0,289
0,288
2286,4
2286,3
2286,2
0,10
0,287
2286,1
2286,0
0,286
0,285
2285,3
2285,2
0,284
2285,1
2285,0
0,283
0,282
2284,4
2284,3
2284,2
0,281
2284,1
2284,0
0,280
2283,6
2283,5
2283,4
2283,3
2283,2
0,277
2283,1
2283,0
0,274
2282,4
2282,3
2282,2
0,381
2282,1
2282,0
0,379
2281,4
2281,3
2281,2
2281,1
2281,0
2280,4
2280,3
2280,2
0,511
2280,1
2280,0
0,374
2279,4
2279,3
2279,2
2279,1
2279,0
0,371
0,370
2278,6
2278,5
2278,4
2278,3
2278,2
2278,1
2278,0
14,67
0,367
0,366
2277,3
2277,2
2277,1
2277,0
2276,3
2276,2
0,362
2276,1
2276,0
2275,3
2275,2
2275,1
2275,0
0,358
2274,3
2274,2
2274,1
2274,0
2273,3
2273,2
2273,1
2273,0
0,351
2272,5
2272,4
2272,3
2272,2
0,275
0,276
0,8
2272,1
2272,0
2271,5
0,2
0,0
2271,4
2271,3
2271,2
0,347
2271,1
2271,0
2270,3
2270,2
2270,1
2270,0
2269,4
2269,3
2269,2
2269,1
2269,0
2268,5
2268,4
2268,3
2268,2
2268,1
2268,0
2267,3
2267,2
2267,1
2267,0
0,632
2266,5
2266,4
2266,3
2266,2
2266,1
2266,0
0,330
2265,4
2265,3
2265,2
2265,1
2265,0
2264,3
2264,2
0,326
2264,1
2264,0
2263,5
2263,4
2263,3
2263,2
2263,1
2263,0
0,321
2262,3
2262,2
2262,1
2262,0
2261,4
2261,3
2261,2
2261,1
2261,0
2260,7
2260,6
2260,5
2260,4
2260,3
2260,2
2260,1
2260,0
2259,5
2259,4
2259,3
2259,2
2259,1
2259,0
2258,3
2258,2
2258,1
2258,0
2257,3
2257,2
2257,1
2257,0
2256,3
2256,2
2256,1
2256,0
2255,3
2255,2
2255,1
2255,0
2254,5
2254,4
2254,3
2254,2
2254,1
2254,0
2253,7
2253,6
2253,5
2253,4
2253,3
2253,2
2253,1
2253,0
2252,4
2252,3
2252,2
2252,1
2252,0
2251,7
2251,6
2251,5
2251,4
2251,3
2251,2
2251,1
2251,0
2250,7
2250,6
2250,5
2250,4
2250,3
2250,2
2250,1
2250,0
2249,4
2249,3
2249,2
2249,1
2249,0
2248,4
2248,3
2248,2
2248,1
2248,0
2247,4
2247,3
2247,2
2247,1
2247,0
14,16
2246,4
2246,3
2246,2
2246,1
2246,0
2245,4
2245,3
2245,2
2245,1
2245,0
2244,4
2244,3
2244,2
2244,1
2244,0
2243,4
2243,3
2243,2
2243,1
2243,0
2242,3
2242,2
0,380
2242,1
2242,0
0,377
2241,6
2241,5
2241,4
2241,3
2241,2
0,376
2241,1
2241,0
0,373
2240,3
2240,2
0,372
2240,1
2240,0
13,6
0,369
2239,9
2239,8
2239,7
2239,6
2239,5
2239,4
2239,3
2239,2
0,368
2239,1
2239,0
14,14
14,24
0,365
2238,3
2238,2
0,364
2238,1
2238,0
0,363
2237,4
2237,3
2237,2
0,361
2237,1
2237,0
0,360
0,359
2236,3
2236,2
2236,1
2236,0
0,357
0,356
2235,4
2235,3
2235,2
0,355
2235,1
2235,0
0,354
0,353
2234,6
2234,5
2234,4
2234,3
2234,2
0,352
2234,1
2234,0
14,25
0,350
0,349
2233,4
2233,3
2233,2
0,348
2233,1
2233,0
0,346
0,345
2232,3
2232,2
0,344
2232,1
2232,0
0,343
0,342
2231,4
2231,3
2231,2
0,341
2231,1
2231,0
0,340
0,339
2230,3
2230,2
0,338
2230,1
2230,0
0,337
0,336
2229,4
2229,3
2229,2
0,335
2229,1
2229,0
0,333
0,332
2228,5
2228,4
2228,3
2228,2
0,331
2228,1
2228,0
0,329
0,328
2227,3
2227,2
0,327
2227,1
2227,0
0,519
0,323
2226,6
2226,5
2226,4
2226,3
2226,2
0,322
2226,1
2226,0
0,320
0,319
2225,4
2225,3
2225,2
0,318
2225,1
2225,0
2224,5
2224,4
2224,3
2224,2
2224,1
2224,0
2223,3
2223,2
2223,1
2223,0
14,76
2222,6
2222,5
2222,4
2222,3
2222,2
2222,1
2222,0
2221,5
2221,4
2221,3
2221,2
2221,1
2221,0
14,85
14,2
14,0
0,614
2220,5
2220,4
2220,3
2220,2
2220,1
2220,0
14,30
2219,5
2219,4
2219,3
2219,2
2219,1
2219,0
13,7
2218,4
2218,3
2218,2
2218,1
2218,0
2217,4
2217,3
2217,2
2217,1
2217,0
14,77
2216,4
2216,3
2216,2
0,314
2216,1
2216,0
2215,4
2215,3
2215,2
0,421
2215,1
2215,0
13,5
14,3
13,8
13,3
0,401
0,272
0,398
0,271
2214,7
2214,6
2214,5
0,11
0,7
2214,4
2214,3
2214,2
2214,1
2214,0
2213,4
2213,3
2213,2
2213,1
2213,0
2212,3
2212,2
2212,1
2212,0
2211,4
2211,3
2211,2
2211,1
2211,0
14,7
2210,3
2210,2
2210,1
2210,0
14,78
2209,5
2209,4
2209,3
2209,2
2209,1
2209,0
2208,7
2208,6
2208,5
2208,4
2208,3
2208,2
2208,1
2208,0
2207,3
2207,2
2207,1
2207,0
2206,3
2206,2
2206,1
2206,0
2205,3
2205,2
2205,1
2205,0
2204,4
2204,3
2204,2
2204,1
2204,0
2203,5
2203,4
2203,3
2203,2
2203,1
2203,0
2202,4
2202,3
2202,2
2202,1
2202,0
2201,5
2201,4
2201,3
2201,2
2201,1
2201,0
2200,5
2200,4
2200,3
2200,2
2200,1
2200,0
2199,5
2199,4
2199,3
2199,2
2199,1
2199,0
2198,3
2198,2
2198,1
2198,0
2197,3
2197,2
2197,1
2197,0
2196,4
2196,3
2196,2
2196,1
2196,0
2195,4
2195,3
2195,2
2195,1
2195,0
2194,5
2194,4
2194,3
2194,2
2194,1
2194,0
2193,3
2193,2
2193,1
2193,0
2192,5
2192,4
2192,3
2192,2
2192,1
2192,0
2191,5
2191,4
2191,3
2191,2
2191,1
2191,0
14,19
2190,3
2190,2
2190,1
2190,0
14,26
2189,4
2189,3
2189,2
2189,1
2189,0
2188,5
